233018826155884555 50041
316600989018750976 103824
326374183766327296 20276
356322258186272778 50801
316698871440867328 30254
136701693634150400 49237
328914003684229120 8826
351571074577596416 88808
312501015280746497 5628
259345965046038528 51996
155563152551968768 52255
298782601856942080 68577
321933284114300928 85730
378140381038116866 23523
329270023551975426 21476
399920460311166977 103044
293340533021999105 102388
357281924475256833 36168
373467830554853376 92462
338622838720167937 43032
132783516176875520 5455
353722708514701312 96474
374566949918736394 88500
351382768510435328 89252
275075623108476928 74600
325821515142529026 46532
262066256943906816 49889
284638108027322368 3485
316605738526965760 12674
347885051910029332 63268
257352666991165441 83073
376303941853380608 117877
343350809775308800 83800
188373478649495552 94442
275233595562524674 2814
343231522918367232 2529
237529658654982144 2590
316600795485437963 3433
389322838886318081 102651
383586419576143872 57738
260736637116350465 2587
365065361848008705 2548
333600547431120898 11678
272621378103148544 55240
316587277889437699 15382
210769870848000001 55374
283319462818611202 100680
160704295598030849 95767
329228264612560906 22928
326223075961995266 59716
348303636381696001 53580
330281490598330379 24964
236824007154860032 76296
350347949827555330 88049
249684725411610624 87035
247000234092265473 20254
254665645566722058 66838
361362002586632194 69203
347360514864578561 103171

295601970184716288 61648
307615890957008896 97474
183943559685079041 75706
360718122656727041 109335
229551157176041472 2424
282146980493393920 64261
322971816308244482 38569
316873810336940033 20137
348250039308779521 6642
326834396969566210 117819
259737654382297089 109209
205427219093258240 116959
241405407271190529 77579
456513697897119784 33984
306086861670187009 62126
340984372804976640 96511
461933278807457807 29305
361149027703848960 82445
334564089571573760 117022
430017608796864512 81024
406726069270347776 105971
155116848130555906 57558
206991917181829121 14118
442756515409952790 121082
328912277208039426 68403
199114469757026304 123614
303175280762290176 5475
422274807732633604 61823